9
0 0
5 0
10 0
0 5
5 5
10 5
0 10
5 10
10 10
12
0 1 0 -1 1 0.669004 0.264801 0.698073
1 2 1 -1 1 0.490013 0.505882 0.631268
3 4 2 0 0 0.304094 0.680616 0.286653
4 5 3 1 0 0.644406 0.642819 0.296648
6 7 -1 2 1 0.631039 0.280793 0.734939
7 8 -1 3 1 0.583491 0.364383 0.546274
0 3 -1 0 1 0.417013 0.509392 0.560907
1 4 0 1 0 0.357517 0.395238 0.499107
2 5 1 -1 1 0.706847 0.510628 0.534982
3 6 -1 2 1 0.392201 0.514657 0.557077
4 7 2 3 1 0.723998 0.265427 0.433248
5 8 3 -1 1 0.501457 0.257355 0.269791
4
7 2 6 0
8 3 7 1
10 4 9 2
11 5 10 3
2.5 2.5 0 0 45
